              precision    recall  f1-score   support

           0     0.1111    0.1250    0.1176         8
           1     0.3000    0.7500    0.4286         8
           2     0.6250    0.6250    0.6250         8
           3     0.8000    1.0000    0.8889         8
           4     0.5000    0.5000    0.5000         8
           5     1.0000    0.2500    0.4000         8
           6     0.4667    0.8750    0.6087         8
           7     1.0000    0.6250    0.7692         8
           8     0.8889    1.0000    0.9412         8
           9     0.5333    1.0000    0.6957         8
          10     1.0000    0.7500    0.8571         8
          11     0.6667    0.5000    0.5714         8
          12     0.8000    0.5000    0.6154         8
          13     1.0000    0.6250    0.7692         8
          14     0.7500    0.7500    0.7500         8
          15     0.6000    0.7500    0.6667         8
          16     0.5833    0.8750    0.7000         8
          17     0.6000    0.7500    0.6667         8
          18     1.0000    0.8750    0.9333         8
          19     0.4545    0.6250    0.5263         8
          20     0.8571    0.7500    0.8000         8
          21     0.0000    0.0000    0.0000         8
          22     0.6000    0.3750    0.4615         8
          23     0.1538    0.2500    0.1905         8
          24     0.0000    0.0000    0.0000         8
          25     1.0000    0.2500    0.4000         8
          26     0.8000    1.0000    0.8889         8
          27     0.8333    0.6250    0.7143         8
          28     0.1429    0.2500    0.1818         8
          29     0.7143    0.6250    0.6667         8
          30     1.0000    0.1250    0.2222         8
          31     0.8333    0.6250    0.7143         8
          32     0.7143    0.6250    0.6667         8
          33     0.7143    0.6250    0.6667         8
          34     0.8571    0.7500    0.8000         8
          35     0.8750    0.8750    0.8750         8
          36     0.5833    0.8750    0.7000         8
          37     1.0000    0.6250    0.7692         8
          38     0.5333    1.0000    0.6957         8
          39     1.0000    1.0000    1.0000         8
          40     0.5000    0.3750    0.4286         8
          41     0.7500    0.7500    0.7500         8
          42     1.0000    0.5000    0.6667         8
          43     0.2857    0.2500    0.2667         8
          44     0.7500    0.7500    0.7500         8
          45     0.5000    0.3750    0.4286         8
          46     0.5333    1.0000    0.6957         8
          47     1.0000    0.3750    0.5455         8
          48     0.6000    0.3750    0.4615         8
          49     0.1667    0.1250    0.1429         8

    accuracy                         0.5975       400
   macro avg     0.6595    0.5975    0.5916       400
weighted avg     0.6595    0.5975    0.5916       400
